20414
12998
24533
172
3451
31630
8253
26180
23961
28052
9232
7388
14670
4950
3286
14475
10403
31840
4887
15321
25537
10546
30951
26304
10969
10148
24533
4102
626
30197
13645
16893
21350
20678
1197
29690
14411
13176
3325
18965
7595
18125
20897
3905
31406
12379
1053
9417
814
15483
12696
24794
31436
21397
24631
18136
27555
12677
1468
24411
22105
30252
22841
3350
555
20796
21152
7852
14508
4250
24240
31667
9496
23924
29547
21234
29407
6704
11744
23903
25537
9792
15108
2405
19404
16689
29083
27946
17218
15750
7103
5411
14991
3697
5386
13346
7103
10596
32119
29701
